
data = {
	SNR: [18.0,18.2,18.4,18.6,18.8,19.0,19.2,19.4,19.6,19.8,20.0,20.2,20.4,20.6,20.8,21.0,21.2,21.4,21.6,21.8,22.0,22.2,22.4,22.6,22.8,23.0,23.2,23.4,23.6,23.8,24.0,24.2,24.4,24.6,24.8,25.0,25.2,25.4,25.6,25.8,26.0,26.2,26.4,26.6,26.8,27.0,27.2,27.4,27.6,27.8,28.0],
	BLER: [1.0000,1.0000,1.0000,1.0000,0.9999,1.0000,0.9996,0.9981,0.9957,0.9865,0.9704,0.9454,0.9067,0.8569,0.7886,0.7131,0.6364,0.5602,0.4743,0.3963,0.3416,0.2834,0.2334,0.1890,0.1505,0.1223,0.1057,0.0821,0.0675,0.0488,0.0425,0.0319,0.0277,0.0206,0.0162,0.0159,0.0116,0.0088,0.0067,0.0056,0.0040,0.0034,0.0029,0.0024,0.0018,0.0017,0.0009,0.0008,0.0006,0.0003,0.0001]
}

data = {
	SNR: [10,11,12,13,14,15,16,17,18,19,20,21,22,23,24,25,26,27],
	MSC_2: [1.0000,1.0000,1.0000,1.0000,1.0000,1.0000,1.0000,1.0000,1.0000,0.9996,0.9713,0.7125,0.3539,0.1474,0.0657,0.0252,0.0078,0.0024],
	MSC_1:  [1.0000,1.0000,1.0000,1.0000,1.0000,1.0000,1.0000,1.0000,1.0000,0.9994,0.9115,0.5285,0.2142,0.0983,0.0309,0.0089,0.0029,0.0007],
	MSC_0: [1.0000,1.0000,1.0000,1.0000,1.0000,1.0000,1.0000,1.0000,1.0000,0.9990,0.8227,0.4382,0.1415,0.0553,0.0178,0.0051,0.0019,0.0003]
}

data = {
	time: [1,2,3,4,5,6,7,8,9,10,11,12,13,14,15,16,17,18,19,20,21,22,23,24,25,26,27,28,29,30,31,32,33,34,35,36,37,38,39,40,41,42,43,44,45,46,47,48,49,50,51,52,53,54,55,56,57,58,59,60,61,62,63,64,65,66,67,68,69,70,71,72,73,74,75,76,77,78,79,80,81,82,83,84,85,86,87,88,89,90,91,92,93,94,95,96,97,98,99,100,101,102,103,104,105,106,107,108,109]
	RTT_30kHz: [1.30933922,1.33147865,1.33185117,1.37136812,1.37553409,1.41962359,1.54137238,1.65906522,1.67968173,1.65253238,1.6619325,1.6499253,1.68443123,1.65538603,1.62297993,1.64928529,1.67140522,1.63547072,1.69959245,1.71331803,1.70817838,1.65224656,1.64275668,1.6497672,1.68934436,1.63587966,1.64792158,1.65511293,1.68186933,1.67740992,1.67268254,1.64903047,1.6602872,1.6997942,1.63937246,1.70906724,1.66731992,1.66477614,1.62178225,1.75227032,1.66062031,1.66237846,1.74983445,1.78872097,1.66380342,1.66906517,1.68845173,1.6225277,1.66656141,1.65893592,1.64897795,1.65543294,1.62926863,1.65681066,1.67619153,1.71205102,1.65587479,1.63534767,1.72185781,1.65128228,1.66537266,1.66074637,1.7304565,1.63543436,1.66221518,1.66278952,1.64434639,1.66664648,1.63228036,1.68720073,1.62807945,1.52014421,1.67390664,1.66695167,1.65481645,1.66468267,1.59303631,1.62621905,1.74405631,1.63076062,1.65797946,1.69475,1.66704943,1.64538773,1.69164266,1.65597785,1.66716233,1.65714614,1.71504949,1.66280435,1.63735801,1.6586212,1.63511691,1.65842498,1.66127251,1.66008937,1.64650006,1.63163648,1.69496273,1.67012717,1.6675753,1.71151525,1.65487518,1.68138447,1.65656725,1.66632737,1.66144854,1.72381295,1.6428198],
	RTT_120kHz: [0.53112898,0.66601406,0.67198746,0.66666755,0.66289614,0.66261754,0.6701139,0.67138285,0.66029622,0.66545253,0.66502008,0.65524557,0.66100269,0.65466409,0.65731474,0.66152044,0.65234198,0.66004163,0.65236634,0.66297353,0.65996643,0.65755411,0.65359221,0.6563893,0.65313927,0.65362884,0.65969207,0.65079332,0.655526,0.67000909,0.64008093,0.65437426,0.66364898,0.65442682,0.6546776,0.66155126,0.66041641,0.65167905,0.66010764,0.65961437,0.65146544,0.66620968,0.65880704,0.65988562,0.65419906,0.65481283,0.65264176,0.65949041,0.65416511,0.6545524,0.65947785,0.65792269,0.67154127,0.66163149,0.64963108,0.65535994,0.65732179,0.65604242,0.65561014,0.66565428,0.65974724,0.65762246,0.65174128,0.64768023,0.65712078,0.67126704,0.66934519,0.65614351,0.65507887,0.65003271,0.65045435,0.66034706,0.65778558,0.66735763,0.66223753,0.65761249,0.66092147,0.6507353,0.65428406,0.63802083,0.64335597,0.65171151,0.66564531,0.65956165,0.66047516,0.63680356,0.6256635,0.71601222,0.63632771,0.64720226,0.64836745,0.64281201,0.66037472,0.64195277,0.64164381,0.64150483,0.65130883,0.74653898,0.65186461,0.64521222,0.65340068,0.65219801,0.64423347,0.65380366,0.64989606,0.63387267,0.62639042,0.64325739,0.63312032]
}

##编码可靠性
data = {
	SNR: [-13,-8,-3,2,7,12,17,22,27,32,37,42,47,52,57,62,67,72,77],
	BER_SISO: [0.4866104,0.47504825,0.45267685,0.4085831,0.326712,0.2078694,0.09839305,0.0372385,0.0125851,0.00406565,0.00129335,0.00041485,0.00013025,4.21E-5,1.38E-5,3.65E-6,8.5E-7,1E-7,5E-8],
	BER_21Alamouti: [0.48597105,0.4736301,0.45026575,0.4033103,0.31432425,0.1792328,0.05976555,0.0111935,0.00143395,0.0001553,1.465E-5,1.6E-6,0,0,0,0,0,0,0],
	BER_31STBC: [0.4791484375,0.4608044375,0.424897375,0.3532243125,0.2283606875,0.0852485625,0.0135614375,0.0009488125,4.175E-5,1.1875E-6,6.25E-8,0,0,0,0,0,0,0,0]
}
	